[gd_scene load_steps=12 format=2]

[ext_resource path="res://Materials/GrassPlane.tres" type="Material" id=1]
[ext_resource path="res://Materials/FlowerBlock.tres" type="Material" id=2]
[ext_resource path="res://Scenes/Player.tscn" type="PackedScene" id=3]
[ext_resource path="res://Scenes/Player.gd" type="Script" id=4]
[ext_resource path="res://Enviorments/Dark.tres" type="Environment" id=5]
[ext_resource path="res://Scenes/SettingsHandler.tscn" type="PackedScene" id=6]

[sub_resource type="PlaneMesh" id=1]

[sub_resource type="ConvexPolygonShape" id=2]
points = PoolVector3Array( 1, 0, 1, -1, 0, 1, 1, 0, -1, -1, 0, -1 )

[sub_resource type="PhysicsMaterial" id=3]
friction = 5.0
rough = true

[sub_resource type="CubeMesh" id=4]

[sub_resource type="BoxShape" id=5]

[node name="Spatial" type="Spatial"]

[node name="MeshInstance" type="MeshInstance" parent="."]
transform = Transform( 4718.75, 0, 0, 0, 0.943751, 0, 0, 0, 4718.75, 0.0537398, 0.179971, -0.0250509 )
mesh = SubResource( 1 )
material/0 = ExtResource( 1 )

[node name="StaticBody" type="StaticBody" parent="MeshInstance"]

[node name="CollisionShape" type="CollisionShape" parent="MeshInstance/StaticBody"]
shape = SubResource( 2 )

[node name="DirectionalLight" type="DirectionalLight" parent="."]
transform = Transform( 1, 0, 0, 0, 0.661526, 0.749922, 0, -0.749922, 0.661526, 0, 1.54636, 0 )
light_energy = 0.1
light_cull_mask = 4294963199

[node name="RigidBody" type="RigidBody" parent="."]
transform = Transform( 1, 0, 0, 0, 1, 0, 0, 0, 1, 0.399058, 1.14079, -4.05682 )
physics_material_override = SubResource( 3 )
axis_lock_angular_x = true
axis_lock_angular_y = true
axis_lock_angular_z = true

[node name="MeshInstance" type="MeshInstance" parent="RigidBody"]
mesh = SubResource( 4 )
material/0 = ExtResource( 2 )

[node name="CollisionShape" type="CollisionShape" parent="RigidBody"]
transform = Transform( 0.998983, 0, -0.0450796, 0, 1, 0, 0.0450796, 0, 0.998983, 0, 0, 0 )
shape = SubResource( 5 )

[node name="Player" parent="." instance=ExtResource( 3 )]
transform = Transform( 1, 0, 0, 0, -4.37114e-008, -1, 0, 1, -4.37114e-008, 3.53927, 4.04111, -4.212 )
script = ExtResource( 4 )

[node name="Camera" type="Camera" parent="Player"]
transform = Transform( 1, 0, 0, 0, -0.449077, 0.893493, 0, -0.893493, -0.449077, 0, 7.82122, -3.66312 )
environment = ExtResource( 5 )

[node name="SettingsHandler" parent="." instance=ExtResource( 6 )]
